 6.50000,  0.00000 , 0
-6.50000, -0.00000 , 1
 6.49250,  0.12750 , 0
-6.49250, -0.12750 , 1
 6.48250,  0.25470 , 0
-6.48250, -0.25470 , 1
 6.47001,  0.38156 , 0
-6.47001, -0.38156 , 1
 6.45504,  0.50802 , 0
-6.45504, -0.50802 , 1
 6.43760,  0.63405 , 0
-6.43760, -0.63405 , 1
 6.41770,  0.75959 , 0
-6.41770, -0.75959 , 1
 6.39536,  0.88459 , 0
-6.39536, -0.88459 , 1
 6.37059,  1.00900 , 0
-6.37059, -1.00900 , 1
 6.34340,  1.13279 , 0
-6.34340, -1.13279 , 1
 6.31380,  1.25590 , 0
-6.31380, -1.25590 , 1
 6.28182,  1.37828 , 0
-6.28182, -1.37828 , 1
 6.24748,  1.49989 , 0
-6.24748, -1.49989 , 1
 6.21078,  1.62068 , 0
-6.21078, -1.62068 , 1
 6.17174,  1.74062 , 0
-6.17174, -1.74062 , 1
 6.13040,  1.85964 , 0
-6.13040, -1.85964 , 1
 6.08676,  1.97771 , 0
-6.08676, -1.97771 , 1
 6.04085,  2.09479 , 0
-6.04085, -2.09479 , 1
 5.99270,  2.21083 , 0
-5.99270, -2.21083 , 1
 5.94231,  2.32578 , 0
-5.94231, -2.32578 , 1
 5.88973,  2.43961 , 0
-5.88973, -2.43961 , 1
 5.83497,  2.55227 , 0
-5.83497, -2.55227 , 1
 5.77806,  2.66373 , 0
-5.77806, -2.66373 , 1
 5.71902,  2.77393 , 0
-5.71902, -2.77393 , 1
 5.65789,  2.88285 , 0
-5.65789, -2.88285 , 1
 5.59468,  2.99043 , 0
-5.59468, -2.99043 , 1
 5.52944,  3.09664 , 0
-5.52944, -3.09664 , 1
 5.46218,  3.20145 , 0
-5.46218, -3.20145 , 1
 5.39294,  3.30481 , 0
-5.39294, -3.30481 , 1
 5.32176,  3.40669 , 0
-5.32176, -3.40669 , 1
 5.24865,  3.50704 , 0
-5.24865, -3.50704 , 1
 5.17365,  3.60585 , 0
-5.17365, -3.60585 , 1
 5.09680,  3.70305 , 0
-5.09680, -3.70305 , 1
 5.01813,  3.79864 , 0
-5.01813, -3.79864 , 1
 4.93767,  3.89256 , 0
-4.93767, -3.89256 , 1
 4.85547,  3.98479 , 0
-4.85547, -3.98479 , 1
 4.77154,  4.07529 , 0
-4.77154, -4.07529 , 1
 4.68594,  4.16404 , 0
-4.68594, -4.16404 , 1
 4.59869,  4.25100 , 0
-4.59869, -4.25100 , 1
 4.50983,  4.33614 , 0
-4.50983, -4.33614 , 1
 4.41941,  4.41943 , 0
-4.41941, -4.41943 , 1
 4.32746,  4.50084 , 0
-4.32746, -4.50084 , 1
 4.23401,  4.58034 , 0
-4.23401, -4.58034 , 1
 4.13911,  4.65792 , 0
-4.13911, -4.65792 , 1
 4.04280,  4.73354 , 0
-4.04280, -4.73354 , 1
 3.94512,  4.80717 , 0
-3.94512, -4.80717 , 1
 3.84611,  4.87879 , 0
-3.84611, -4.87879 , 1
 3.74581,  4.94838 , 0
-3.74581, -4.94838 , 1
 3.64426,  5.01591 , 0
-3.64426, -5.01591 , 1
 3.54150,  5.08137 , 0
-3.54150, -5.08137 , 1
 3.43758,  5.14473 , 0
-3.43758, -5.14473 , 1
 3.33254,  5.20596 , 0
-3.33254, -5.20596 , 1
 3.22642,  5.26506 , 0
-3.22642, -5.26506 , 1
 3.11926,  5.32200 , 0
-3.11926, -5.32200 , 1
 3.01112,  5.37676 , 0
-3.01112, -5.37676 , 1
 2.90202,  5.42934 , 0
-2.90202, -5.42934 , 1
 2.79203,  5.47970 , 0
-2.79203, -5.47970 , 1
 2.68117,  5.52784 , 0
-2.68117, -5.52784 , 1
 2.56951,  5.57374 , 0
-2.56951, -5.57374 , 1
 2.45708,  5.61738 , 0
-2.45708, -5.61738 , 1
 2.34392,  5.65877 , 0
-2.34392, -5.65877 , 1
 2.23009,  5.69788 , 0
-2.23009, -5.69788 , 1
 2.11562,  5.73470 , 0
-2.11562, -5.73470 , 1
 2.00058,  5.76923 , 0
-2.00058, -5.76923 , 1
 1.88499,  5.80145 , 0
-1.88499, -5.80145 , 1
 1.76890,  5.83136 , 0
-1.76890, -5.83136 , 1
 1.65238,  5.85895 , 0
-1.65238, -5.85895 , 1
 1.53545,  5.88422 , 0
-1.53545, -5.88422 , 1
 1.41816,  5.90715 , 0
-1.41816, -5.90715 , 1
 1.30057,  5.92775 , 0
-1.30057, -5.92775 , 1
 1.18272,  5.94601 , 0
-1.18272, -5.94601 , 1
 1.06465,  5.96194 , 0
-1.06465, -5.96194 , 1
 0.94641,  5.97552 , 0
-0.94641, -5.97552 , 1
 0.82805,  5.98676 , 0
-0.82805, -5.98676 , 1
 0.70961,  5.99565 , 0
-0.70961, -5.99565 , 1
 0.59115,  6.00221 , 0
-0.59115, -6.00221 , 1
 0.47270,  6.00643 , 0
-0.47270, -6.00643 , 1
 0.35431,  6.00831 , 0
-0.35431, -6.00831 , 1
 0.23603,  6.00787 , 0
-0.23603, -6.00787 , 1
 0.11790,  6.00509 , 0
-0.11790, -6.00509 , 1
-0.00002,  6.00000 , 0
 0.00002, -6.00000 , 1
-0.11770,  5.99259 , 0
 0.11770, -5.99259 , 1
-0.23509,  5.98288 , 0
 0.23509, -5.98288 , 1
-0.35214,  5.97087 , 0
 0.35214, -5.97087 , 1
-0.46882,  5.95658 , 0
 0.46882, -5.95658 , 1
-0.58506,  5.94001 , 0
 0.58506, -5.94001 , 1
-0.70084,  5.92117 , 0
 0.70084, -5.92117 , 1
-0.81610,  5.90008 , 0
 0.81610, -5.90008 , 1
-0.93081,  5.87674 , 0
 0.93081, -5.87674 , 1
-1.04491,  5.85118 , 0
 1.04491, -5.85118 , 1
-1.15837,  5.82341 , 0
 1.15837, -5.82341 , 1
-1.27115,  5.79344 , 0
 1.27115, -5.79344 , 1
-1.38319,  5.76129 , 0
 1.38319, -5.76129 , 1
-1.49446,  5.72697 , 0
 1.49446, -5.72697 , 1
-1.60492,  5.69051 , 0
 1.60492, -5.69051 , 1
-1.71452,  5.65192 , 0
 1.71452, -5.65192 , 1
-1.82323,  5.61123 , 0
 1.82323, -5.61123 , 1
-1.93100,  5.56844 , 0
 1.93100, -5.56844 , 1
-2.03779,  5.52359 , 0
 2.03779, -5.52359 , 1
-2.14357,  5.47670 , 0
 2.14357, -5.47670 , 1
-2.24829,  5.42778 , 0
 2.24829, -5.42778 , 1
-2.35192,  5.37687 , 0
 2.35192, -5.37687 , 1
-2.45442,  5.32398 , 0
 2.45442, -5.32398 , 1
-2.55575,  5.26914 , 0
 2.55575, -5.26914 , 1
-2.65587,  5.21238 , 0
 2.65587, -5.21238 , 1
-2.75475,  5.15371 , 0
 2.75475, -5.15371 , 1
-2.85235,  5.09318 , 0
 2.85235, -5.09318 , 1
-2.94864,  5.03081 , 0
 2.94864, -5.03081 , 1
-3.04358,  4.96661 , 0
 3.04358, -4.96661 , 1
-3.13714,  4.90064 , 0
 3.13714, -4.90064 , 1
-3.22928,  4.83290 , 0
 3.22928, -4.83290 , 1
-3.31997,  4.76344 , 0
 3.31997, -4.76344 , 1
-3.40918,  4.69228 , 0
 3.40918, -4.69228 , 1
-3.49688,  4.61946 , 0
 3.49688, -4.61946 , 1
-3.58303,  4.54500 , 0
 3.58303, -4.54500 , 1
-3.66761,  4.46895 , 0
 3.66761, -4.46895 , 1
-3.75059,  4.39132 , 0
 3.75059, -4.39132 , 1
-3.83193,  4.31217 , 0
 3.83193, -4.31217 , 1
-3.91161,  4.23151 , 0
 3.91161, -4.23151 , 1
-3.98961,  4.14939 , 0
 3.98961, -4.14939 , 1
-4.06589,  4.06584 , 0
 4.06589, -4.06584 , 1
-4.14042,  3.98090 , 0
 4.14042, -3.98090 , 1
-4.21320,  3.89460 , 0
 4.21320, -3.89460 , 1
-4.28418,  3.80697 , 0
 4.28418, -3.80697 , 1
-4.35335,  3.71807 , 0
 4.35335, -3.71807 , 1
-4.42067,  3.62791 , 0
 4.42067, -3.62791 , 1
-4.48614,  3.53655 , 0
 4.48614, -3.53655 , 1
-4.54973,  3.44401 , 0
 4.54973, -3.44401 , 1
-4.61142,  3.35035 , 0
 4.61142, -3.35035 , 1
-4.67118,  3.25559 , 0
 4.67118, -3.25559 , 1
-4.72900,  3.15978 , 0
 4.72900, -3.15978 , 1
-4.78487,  3.06295 , 0
 4.78487, -3.06295 , 1
-4.83875,  2.96515 , 0
 4.83875, -2.96515 , 1
-4.89064,  2.86642 , 0
 4.89064, -2.86642 , 1
-4.94053,  2.76679 , 0
 4.94053, -2.76679 , 1
-4.98838,  2.66631 , 0
 4.98838, -2.66631 , 1
-5.03420,  2.56501 , 0
 5.03420, -2.56501 , 1
-5.07797,  2.46295 , 0
 5.07797, -2.46295 , 1
-5.11967,  2.36016 , 0
 5.11967, -2.36016 , 1
-5.15930,  2.25668 , 0
 5.15930, -2.25668 , 1
-5.19684,  2.15256 , 0
 5.19684, -2.15256 , 1
-5.23228,  2.04783 , 0
 5.23228, -2.04783 , 1
-5.26561,  1.94255 , 0
 5.26561, -1.94255 , 1
-5.29683,  1.83674 , 0
 5.29683, -1.83674 , 1
-5.32593,  1.73046 , 0
 5.32593, -1.73046 , 1
-5.35290,  1.62374 , 0
 5.35290, -1.62374 , 1
-5.37773,  1.51664 , 0
 5.37773, -1.51664 , 1
-5.40042,  1.40918 , 0
 5.40042, -1.40918 , 1
-5.42097,  1.30142 , 0
 5.42097, -1.30142 , 1
-5.43937,  1.19340 , 0
 5.43937, -1.19340 , 1
-5.45563,  1.08515 , 0
 5.45563, -1.08515 , 1
-5.46973,  0.97673 , 0
 5.46973, -0.97673 , 1
-5.48168,  0.86817 , 0
 5.48168, -0.86817 , 1
-5.49147,  0.75952 , 0
 5.49147, -0.75952 , 1
-5.49912,  0.65082 , 0
 5.49912, -0.65082 , 1
-5.50462,  0.54212 , 0
 5.50462, -0.54212 , 1
-5.50797,  0.43345 , 0
 5.50797, -0.43345 , 1
-5.50918,  0.32485 , 0
 5.50918, -0.32485 , 1
-5.50825,  0.21638 , 0
 5.50825, -0.21638 , 1
-5.50519,  0.10807 , 0
 5.50519, -0.10807 , 1
-5.50000, -0.00004 , 0
 5.50000,  0.00004 , 1
-5.49269, -0.10790 , 0
 5.49269,  0.10790 , 1
-5.48327, -0.21548 , 0
 5.48327,  0.21548 , 1
-5.47174, -0.32273 , 0
 5.47174,  0.32273 , 1
-5.45812, -0.42960 , 0
 5.45812,  0.42960 , 1
-5.44241, -0.53607 , 0
 5.44241,  0.53607 , 1
-5.42463, -0.64209 , 0
 5.42463,  0.64209 , 1
-5.40479, -0.74762 , 0
 5.40479,  0.74762 , 1
-5.38289, -0.85261 , 0
 5.38289,  0.85261 , 1
-5.35896, -0.95703 , 0
 5.35896,  0.95703 , 1
-5.33301, -1.06085 , 0
 5.33301,  1.06085 , 1
-5.30505, -1.16401 , 0
 5.30505,  1.16401 , 1
-5.27510, -1.26648 , 0
 5.27510,  1.26648 , 1
-5.24317, -1.36823 , 0
 5.24317,  1.36823 , 1
-5.20928, -1.46921 , 0
 5.20928,  1.46921 , 1
-5.17345, -1.56939 , 0
 5.17345,  1.56939 , 1
-5.13569, -1.66873 , 0
 5.13569,  1.66873 , 1
-5.09603, -1.76720 , 0
 5.09603,  1.76720 , 1
-5.05449, -1.86475 , 0
 5.05449,  1.86475 , 1
-5.01108, -1.96135 , 0
 5.01108,  1.96135 , 1
-4.96584, -2.05696 , 0
 4.96584,  2.05696 , 1
-4.91877, -2.15156 , 0
 4.91877,  2.15156 , 1
-4.86990, -2.24510 , 0
 4.86990,  2.24510 , 1
-4.81926, -2.33756 , 0
 4.81926,  2.33756 , 1
-4.76686, -2.42889 , 0
 4.76686,  2.42889 , 1
-4.71275, -2.51907 , 0
 4.71275,  2.51907 , 1
-4.65693, -2.60806 , 0
 4.65693,  2.60806 , 1
-4.59943, -2.69583 , 0
 4.59943,  2.69583 , 1
-4.54028, -2.78234 , 0
 4.54028,  2.78234 , 1
-4.47952, -2.86758 , 0
 4.47952,  2.86758 , 1
-4.41716, -2.95151 , 0
 4.41716,  2.95151 , 1
-4.35323, -3.03409 , 0
 4.35323,  3.03409 , 1
-4.28776, -3.11530 , 0
 4.28776,  3.11530 , 1
-4.22079, -3.19511 , 0
 4.22079,  3.19511 , 1
-4.15233, -3.27350 , 0
 4.15233,  3.27350 , 1
-4.08243, -3.35043 , 0
 4.08243,  3.35043 , 1
-4.01111, -3.42587 , 0
 4.01111,  3.42587 , 1
-3.93840, -3.49982 , 0
 3.93840,  3.49982 , 1
-3.86434, -3.57222 , 0
 3.86434,  3.57222 , 1
-3.78895, -3.64308 , 0
 3.78895,  3.64308 , 1
-3.71228, -3.71234 , 0
 3.71228,  3.71234 , 1
-3.63434, -3.78001 , 0
 3.63434,  3.78001 , 1
-3.55518, -3.84605 , 0
 3.55518,  3.84605 , 1
-3.47483, -3.91044 , 0
 3.47483,  3.91044 , 1
-3.39333, -3.97315 , 0
 3.39333,  3.97315 , 1
-3.31070, -4.03418 , 0
 3.31070,  4.03418 , 1
-3.22699, -4.09350 , 0
 3.22699,  4.09350 , 1
-3.14222, -4.15108 , 0
 3.14222,  4.15108 , 1
-3.05644, -4.20692 , 0
 3.05644,  4.20692 , 1
-2.96968, -4.26099 , 0
 2.96968,  4.26099 , 1
-2.88198, -4.31328 , 0
 2.88198,  4.31328 , 1
-2.79337, -4.36377 , 0
 2.79337,  4.36377 , 1
-2.70389, -4.41244 , 0
 2.70389,  4.41244 , 1
-2.61357, -4.45928 , 0
 2.61357,  4.45928 , 1
-2.52246, -4.50429 , 0
 2.52246,  4.50429 , 1
-2.43059, -4.54743 , 0
 2.43059,  4.54743 , 1
-2.33801, -4.58871 , 0
 2.33801,  4.58871 , 1
-2.24473, -4.62810 , 0
 2.24473,  4.62810 , 1
-2.15082, -4.66561 , 0
 2.15082,  4.66561 , 1
-2.05630, -4.70121 , 0
 2.05630,  4.70121 , 1
-1.96120, -4.73490 , 0
 1.96120,  4.73490 , 1
-1.86559, -4.76668 , 0
 1.86559,  4.76668 , 1
-1.76947, -4.79652 , 0
 1.76947,  4.79652 , 1
-1.67291, -4.82443 , 0
 1.67291,  4.82443 , 1
-1.57594, -4.85040 , 0
 1.57594,  4.85040 , 1
-1.47859, -4.87443 , 0
 1.47859,  4.87443 , 1
-1.38090, -4.89651 , 0
 1.38090,  4.89651 , 1
-1.28292, -4.91663 , 0
 1.28292,  4.91663 , 1
-1.18468, -4.93479 , 0
 1.18468,  4.93479 , 1
-1.08623, -4.95099 , 0
 1.08623,  4.95099 , 1
-0.98759, -4.96524 , 0
 0.98759,  4.96524 , 1
-0.88882, -4.97752 , 0
 0.88882,  4.97752 , 1
-0.78994, -4.98783 , 0
 0.78994,  4.98783 , 1
-0.69100, -4.99619 , 0
 0.69100,  4.99619 , 1
-0.59204, -5.00259 , 0
 0.59204,  5.00259 , 1
-0.49309, -5.00703 , 0
 0.49309,  5.00703 , 1
-0.39420, -5.00951 , 0
 0.39420,  5.00951 , 1
-0.29540, -5.01005 , 0
 0.29540,  5.01005 , 1
-0.19674, -5.00864 , 0
 0.19674,  5.00864 , 1
-0.09824, -5.00529 , 0
 0.09824,  5.00529 , 1
 0.00006, -5.00000 , 0
-0.00006,  5.00000 , 1
 0.09810, -4.99279 , 0
-0.09810,  4.99279 , 1
 0.19586, -4.98365 , 0
-0.19586,  4.98365 , 1
 0.29331, -4.97261 , 0
-0.29331,  4.97261 , 1
 0.39039, -4.95966 , 0
-0.39039,  4.95966 , 1
 0.48708, -4.94482 , 0
-0.48708,  4.94482 , 1
 0.58333, -4.92810 , 0
-0.58333,  4.92810 , 1
 0.67912, -4.90950 , 0
-0.67912,  4.90950 , 1
 0.77441, -4.88905 , 0
-0.77441,  4.88905 , 1
 0.86915, -4.86675 , 0
-0.86915,  4.86675 , 1
 0.96331, -4.84262 , 0
-0.96331,  4.84262 , 1
 1.05687, -4.81666 , 0
-1.05687,  4.81666 , 1
 1.14977, -4.78891 , 0
-1.14977,  4.78891 , 1
 1.24200, -4.75936 , 0
-1.24200,  4.75936 , 1
 1.33351, -4.72805 , 0
-1.33351,  4.72805 , 1
 1.42426, -4.69497 , 0
-1.42426,  4.69497 , 1
 1.51424, -4.66016 , 0
-1.51424,  4.66016 , 1
 1.60339, -4.62363 , 0
-1.60339,  4.62363 , 1
 1.69170, -4.58539 , 0
-1.69170,  4.58539 , 1
 1.77913, -4.54547 , 0
-1.77913,  4.54547 , 1
 1.86564, -4.50389 , 0
-1.86564,  4.50389 , 1
 1.95120, -4.46067 , 0
-1.95120,  4.46067 , 1
 2.03579, -4.41582 , 0
-2.03579,  4.41582 , 1
 2.11937, -4.36938 , 0
-2.11937,  4.36938 , 1
 2.20191, -4.32135 , 0
-2.20191,  4.32135 , 1
 2.28338, -4.27178 , 0
-2.28338,  4.27178 , 1
 2.36376, -4.22067 , 0
-2.36376,  4.22067 , 1
 2.44301, -4.16806 , 0
-2.44301,  4.16806 , 1
 2.52111, -4.11396 , 0
-2.52111,  4.11396 , 1
 2.59802, -4.05840 , 0
-2.59802,  4.05840 , 1
 2.67373, -4.00141 , 0
-2.67373,  4.00141 , 1
 2.74820, -3.94302 , 0
-2.74820,  3.94302 , 1
 2.82142, -3.88325 , 0
-2.82142,  3.88325 , 1
 2.89334, -3.82212 , 0
-2.89334,  3.82212 , 1
 2.96396, -3.75967 , 0
-2.96396,  3.75967 , 1
 3.03324, -3.69592 , 0
-3.03324,  3.69592 , 1
 3.10116, -3.63090 , 0
-3.10116,  3.63090 , 1
 3.16770, -3.56464 , 0
-3.16770,  3.56464 , 1
 3.23283, -3.49717 , 0
-3.23283,  3.49717 , 1
 3.29654, -3.42852 , 0
-3.29654,  3.42852 , 1
 3.35880, -3.35871 , 0
-3.35880,  3.35871 , 1
 3.41959, -3.28779 , 0
-3.41959,  3.28779 , 1
 3.47889, -3.21577 , 0
-3.47889,  3.21577 , 1
 3.53669, -3.14270 , 0
-3.53669,  3.14270 , 1
 3.59296, -3.06860 , 0
-3.59296,  3.06860 , 1
 3.64768, -2.99350 , 0
-3.64768,  2.99350 , 1
 3.70084, -2.91743 , 0
-3.70084,  2.91743 , 1
 3.75243, -2.84044 , 0
-3.75243,  2.84044 , 1
 3.80242, -2.76254 , 0
-3.80242,  2.76254 , 1
 3.85079, -2.68378 , 0
-3.85079,  2.68378 , 1
 3.89755, -2.60418 , 0
-3.89755,  2.60418 , 1
 3.94266, -2.52379 , 0
-3.94266,  2.52379 , 1
 3.98613, -2.44263 , 0
-3.98613,  2.44263 , 1
 4.02792, -2.36073 , 0
-4.02792,  2.36073 , 1
 4.06804, -2.27814 , 0
-4.06804,  2.27814 , 1
 4.10648, -2.19489 , 0
-4.10648,  2.19489 , 1
 4.14321, -2.11100 , 0
-4.14321,  2.11100 , 1
 4.17823, -2.02652 , 0
-4.17823,  2.02652 , 1
 4.21154, -1.94148 , 0
-4.21154,  1.94148 , 1
 4.24312, -1.85591 , 0
-4.24312,  1.85591 , 1
 4.27297, -1.76985 , 0
-4.27297,  1.76985 , 1
 4.30107, -1.68334 , 0
-4.30107,  1.68334 , 1
 4.32743, -1.59640 , 0
-4.32743,  1.59640 , 1
 4.35203, -1.50909 , 0
-4.35203,  1.50909 , 1
 4.37488, -1.42142 , 0
-4.37488,  1.42142 , 1
 4.39596, -1.33343 , 0
-4.39596,  1.33343 , 1
 4.41528, -1.24517 , 0
-4.41528,  1.24517 , 1
 4.43283, -1.15666 , 0
-4.43283,  1.15666 , 1
 4.44861, -1.06795 , 0
-4.44861,  1.06795 , 1
 4.46261, -0.97906 , 0
-4.46261,  0.97906 , 1
 4.47485, -0.89004 , 0
-4.47485,  0.89004 , 1
 4.48530, -0.80091 , 0
-4.48530,  0.80091 , 1
 4.49399, -0.71171 , 0
-4.49399,  0.71171 , 1
 4.50091, -0.62249 , 0
-4.50091,  0.62249 , 1
 4.50606, -0.53326 , 0
-4.50606,  0.53326 , 1
 4.50944, -0.44407 , 0
-4.50944,  0.44407 , 1
 4.51106, -0.35496 , 0
-4.51106,  0.35496 , 1
 4.51092, -0.26596 , 0
-4.51092,  0.26596 , 1
 4.50902, -0.17709 , 0
-4.50902,  0.17709 , 1
 4.50538, -0.08841 , 0
-4.50538,  0.08841 , 1
 4.50000,  0.00007 , 0
-4.50000, -0.00007 , 1
 4.49288,  0.08830 , 0
-4.49288, -0.08830 , 1
 4.48404,  0.17624 , 0
-4.48404, -0.17624 , 1
 4.47347,  0.26388 , 0
-4.47347, -0.26388 , 1
 4.46120,  0.35117 , 0
-4.46120, -0.35117 , 1
 4.44723,  0.43808 , 0
-4.44723, -0.43808 , 1
 4.43156,  0.52458 , 0
-4.43156, -0.52458 , 1
 4.41422,  0.61063 , 0
-4.41422, -0.61063 , 1
 4.39520,  0.69620 , 0
-4.39520, -0.69620 , 1
 4.37453,  0.78126 , 0
-4.37453, -0.78126 , 1
 4.35222,  0.86578 , 0
-4.35222, -0.86578 , 1
 4.32828,  0.94972 , 0
-4.32828, -0.94972 , 1
 4.30272,  1.03306 , 0
-4.30272, -1.03306 , 1
 4.27556,  1.11576 , 0
-4.27556, -1.11576 , 1
 4.24682,  1.19780 , 0
-4.24682, -1.19780 , 1
 4.21650,  1.27913 , 0
-4.21650, -1.27913 , 1
 4.18463,  1.35974 , 0
-4.18463, -1.35974 , 1
 4.15122,  1.43959 , 0
-4.15122, -1.43959 , 1
 4.11629,  1.51865 , 0
-4.11629, -1.51865 , 1
 4.07986,  1.59690 , 0
-4.07986, -1.59690 , 1
 4.04195,  1.67430 , 0
-4.04195, -1.67430 , 1
 4.00257,  1.75083 , 0
-4.00257, -1.75083 , 1
 3.96175,  1.82647 , 0
-3.96175, -1.82647 , 1
 3.91950,  1.90117 , 0
-3.91950, -1.90117 , 1
 3.87585,  1.97492 , 0
-3.87585, -1.97492 , 1
 3.83081,  2.04769 , 0
-3.83081, -2.04769 , 1
 3.78442,  2.11945 , 0
-3.78442, -2.11945 , 1
 3.73668,  2.19019 , 0
-3.73668, -2.19019 , 1
 3.68763,  2.25987 , 0
-3.68763, -2.25987 , 1
 3.63729,  2.32846 , 0
-3.63729, -2.32846 , 1
 3.58567,  2.39595 , 0
-3.58567, -2.39595 , 1
 3.53281,  2.46232 , 0
-3.53281, -2.46232 , 1
 3.47873,  2.52753 , 0
-3.47873, -2.52753 , 1
 3.42345,  2.59157 , 0
-3.42345, -2.59157 , 1
 3.36700,  2.65442 , 0
-3.36700, -2.65442 , 1
 3.30941,  2.71605 , 0
-3.30941, -2.71605 , 1
 3.25069,  2.77644 , 0
-3.25069, -2.77644 , 1
 3.19088,  2.83558 , 0
-3.19088, -2.83558 , 1
 3.13000,  2.89344 , 0
-3.13000, -2.89344 , 1
 3.06808,  2.95000 , 0
-3.06808, -2.95000 , 1
 3.00515,  3.00525 , 0
-3.00515, -3.00525 , 1
 2.94124,  3.05917 , 0
-2.94124, -3.05917 , 1
 2.87637,  3.11174 , 0
-2.87637, -3.11174 , 1
 2.81057,  3.16294 , 0
-2.81057, -3.16294 , 1
 2.74386,  3.21276 , 0
-2.74386, -3.21276 , 1
 2.67629,  3.26118 , 0
-2.67629, -3.26118 , 1
 2.60788,  3.30819 , 0
-2.60788, -3.30819 , 1
 2.53865,  3.35377 , 0
-2.53865, -3.35377 , 1
 2.46864,  3.39791 , 0
-2.46864, -3.39791 , 1
 2.39788,  3.44060 , 0
-2.39788, -3.44060 , 1
 2.32639,  3.48182 , 0
-2.32639, -3.48182 , 1
 2.25421,  3.52156 , 0
-2.25421, -3.52156 , 1
 2.18137,  3.55981 , 0
-2.18137, -3.55981 , 1
 2.10790,  3.59656 , 0
-2.10790, -3.59656 , 1
 2.03382,  3.63180 , 0
-2.03382, -3.63180 , 1
 1.95918,  3.66552 , 0
-1.95918, -3.66552 , 1
 1.88400,  3.69771 , 0
-1.88400, -3.69771 , 1
 1.80831,  3.72836 , 0
-1.80831, -3.72836 , 1
 1.73214,  3.75747 , 0
-1.73214, -3.75747 , 1
 1.65553,  3.78503 , 0
-1.65553, -3.78503 , 1
 1.57850,  3.81103 , 0
-1.57850, -3.81103 , 1
 1.50110,  3.83547 , 0
-1.50110, -3.83547 , 1
 1.42334,  3.85834 , 0
-1.42334, -3.85834 , 1
 1.34526,  3.87963 , 0
-1.34526, -3.87963 , 1
 1.26690,  3.89935 , 0
-1.26690, -3.89935 , 1
 1.18828,  3.91750 , 0
-1.18828, -3.91750 , 1
 1.10944,  3.93406 , 0
-1.10944, -3.93406 , 1
 1.03041,  3.94903 , 0
-1.03041, -3.94903 , 1
 0.95122,  3.96242 , 0
-0.95122, -3.96242 , 1
 0.87190,  3.97423 , 0
-0.87190, -3.97423 , 1
 0.79248,  3.98445 , 0
-0.79248, -3.98445 , 1
 0.71300,  3.99309 , 0
-0.71300, -3.99309 , 1
 0.63349,  4.00015 , 0
-0.63349, -4.00015 , 1
 0.55397,  4.00562 , 0
-0.55397, -4.00562 , 1
 0.47448,  4.00952 , 0
-0.47448, -4.00952 , 1
 0.39506,  4.01185 , 0
-0.39506, -4.01185 , 1
 0.31572,  4.01260 , 0
-0.31572, -4.01260 , 1
 0.23651,  4.01178 , 0
-0.23651, -4.01178 , 1
 0.15746,  4.00941 , 0
-0.15746, -4.00941 , 1
 0.07858,  4.00548 , 0
-0.07858, -4.00548 , 1
-0.00007,  4.00000 , 0
 0.00007, -4.00000 , 1
-0.07849,  3.99298 , 0
 0.07849, -3.99298 , 1
-0.15662,  3.98442 , 0
 0.15662, -3.98442 , 1
-0.23445,  3.97434 , 0
 0.23445, -3.97434 , 1
-0.31195,  3.96274 , 0
 0.31195, -3.96274 , 1
-0.38908,  3.94963 , 0
 0.38908, -3.94963 , 1
-0.46582,  3.93503 , 0
 0.46582, -3.93503 , 1
-0.54213,  3.91893 , 0
 0.54213, -3.91893 , 1
-0.61799,  3.90136 , 0
 0.61799, -3.90136 , 1
-0.69337,  3.88232 , 0
 0.69337, -3.88232 , 1
-0.76824,  3.86183 , 0
 0.76824, -3.86183 , 1
-0.84258,  3.83989 , 0
 0.84258, -3.83989 , 1
-0.91635,  3.81653 , 0
 0.91635, -3.81653 , 1
-0.98952,  3.79176 , 0
 0.98952, -3.79176 , 1
-1.06208,  3.76559 , 0
 1.06208, -3.76559 , 1
-1.13400,  3.73803 , 0
 1.13400, -3.73803 , 1
-1.20524,  3.70910 , 0
 1.20524, -3.70910 , 1
-1.27578,  3.67881 , 0
 1.27578, -3.67881 , 1
-1.34560,  3.64719 , 0
 1.34560, -3.64719 , 1
-1.41467,  3.61425 , 0
 1.41467, -3.61425 , 1
-1.48297,  3.58000 , 0
 1.48297, -3.58000 , 1
-1.55047,  3.54447 , 0
 1.55047, -3.54447 , 1
-1.61714,  3.50767 , 0
 1.61714, -3.50767 , 1
-1.68297,  3.46962 , 0
 1.68297, -3.46962 , 1
-1.74793,  3.43034 , 0
 1.74793, -3.43034 , 1
-1.81200,  3.38985 , 0
 1.81200, -3.38985 , 1
-1.87515,  3.34817 , 0
 1.87515, -3.34817 , 1
-1.93736,  3.30531 , 0
 1.93736, -3.30531 , 1
-1.99862,  3.26131 , 0
 1.99862, -3.26131 , 1
-2.05890,  3.21618 , 0
 2.05890, -3.21618 , 1
-2.11817,  3.16994 , 0
 2.11817, -3.16994 , 1
-2.17643,  3.12261 , 0
 2.17643, -3.12261 , 1
-2.23364,  3.07422 , 0
 2.23364, -3.07422 , 1
-2.28980,  3.02479 , 0
 2.28980, -3.02479 , 1
-2.34488,  2.97434 , 0
 2.34488, -2.97434 , 1
-2.39886,  2.92290 , 0
 2.39886, -2.92290 , 1
-2.45172,  2.87048 , 0
 2.45172, -2.87048 , 1
-2.50346,  2.81712 , 0
 2.50346, -2.81712 , 1
-2.55404,  2.76284 , 0
 2.55404, -2.76284 , 1
-2.60346,  2.70765 , 0
 2.60346, -2.70765 , 1
-2.65170,  2.65160 , 0
 2.65170, -2.65160 , 1
-2.69875,  2.59469 , 0
 2.69875, -2.59469 , 1
-2.74458,  2.53696 , 0
 2.74458, -2.53696 , 1
-2.78919,  2.47844 , 0
 2.78919, -2.47844 , 1
-2.83256,  2.41914 , 0
 2.83256, -2.41914 , 1
-2.87468,  2.35909 , 0
 2.87468, -2.35909 , 1
-2.91554,  2.29833 , 0
 2.91554, -2.29833 , 1
-2.95512,  2.23687 , 0
 2.95512, -2.23687 , 1
-2.99341,  2.17474 , 0
 2.99341, -2.17474 , 1
-3.03040,  2.11198 , 0
 3.03040, -2.11198 , 1
-3.06609,  2.04860 , 0
 3.06609, -2.04860 , 1
-3.10045,  1.98464 , 0
 3.10045, -1.98464 , 1
-3.13349,  1.92012 , 0
 3.13349, -1.92012 , 1
-3.16520,  1.85506 , 0
 3.16520, -1.85506 , 1
-3.19555,  1.78951 , 0
 3.19555, -1.78951 , 1
-3.22456,  1.72348 , 0
 3.22456, -1.72348 , 1
-3.25221,  1.65700 , 0
 3.25221, -1.65700 , 1
-3.27849,  1.59010 , 0
 3.27849, -1.59010 , 1
-3.30340,  1.52281 , 0
 3.30340, -1.52281 , 1
-3.32694,  1.45515 , 0
 3.32694, -1.45515 , 1
-3.34909,  1.38716 , 0
 3.34909, -1.38716 , 1
-3.36986,  1.31886 , 0
 3.36986, -1.31886 , 1
-3.38924,  1.25028 , 0
 3.38924, -1.25028 , 1
-3.40723,  1.18144 , 0
 3.40723, -1.18144 , 1
-3.42383,  1.11239 , 0
 3.42383, -1.11239 , 1
-3.43903,  1.04314 , 0
 3.43903, -1.04314 , 1
-3.45283,  0.97372 , 0
 3.45283, -0.97372 , 1
-3.46523,  0.90416 , 0
 3.46523, -0.90416 , 1
-3.47624,  0.83449 , 0
 3.47624, -0.83449 , 1
-3.48585,  0.76474 , 0
 3.48585, -0.76474 , 1
-3.49406,  0.69493 , 0
 3.49406, -0.69493 , 1
-3.50088,  0.62510 , 0
 3.50088, -0.62510 , 1
-3.50631,  0.55527 , 0
 3.50631, -0.55527 , 1
-3.51034,  0.48546 , 0
 3.51034, -0.48546 , 1
-3.51299,  0.41571 , 0
 3.51299, -0.41571 , 1
-3.51425,  0.34605 , 0
 3.51425, -0.34605 , 1
-3.51414,  0.27649 , 0
 3.51414, -0.27649 , 1
-3.51265,  0.20707 , 0
 3.51265, -0.20707 , 1
-3.50980,  0.13782 , 0
 3.50980, -0.13782 , 1
-3.50558,  0.06876 , 0
 3.50558, -0.06876 , 1
-3.50000, -0.00008 , 0
 3.50000,  0.00008 , 1
-3.49308, -0.06867 , 0
 3.49308,  0.06867 , 1
-3.48481, -0.13700 , 0
 3.48481,  0.13700 , 1
-3.47521, -0.20502 , 0
 3.47521,  0.20502 , 1
-3.46428, -0.27272 , 0
 3.46428,  0.27272 , 1
-3.45204, -0.34007 , 0
 3.45204,  0.34007 , 1
-3.43849, -0.40705 , 0
 3.43849,  0.40705 , 1
-3.42364, -0.47363 , 0
 3.42364,  0.47363 , 1
-3.40751, -0.53978 , 0
 3.40751,  0.53978 , 1
-3.39011, -0.60547 , 0
 3.39011,  0.60547 , 1
-3.37143, -0.67070 , 0
 3.37143,  0.67070 , 1
-3.35151, -0.73542 , 0
 3.35151,  0.73542 , 1
-3.33035, -0.79963 , 0
 3.33035,  0.79963 , 1
-3.30796, -0.86328 , 0
 3.30796,  0.86328 , 1
-3.28436, -0.92637 , 0
 3.28436,  0.92637 , 1
-3.25956, -0.98886 , 0
 3.25956,  0.98886 , 1
-3.23357, -1.05073 , 0
 3.23357,  1.05073 , 1
-3.20641, -1.11197 , 0
 3.20641,  1.11197 , 1
-3.17810, -1.17254 , 0
 3.17810,  1.17254 , 1
-3.14864, -1.23244 , 0
 3.14864,  1.23244 , 1
-3.11806, -1.29163 , 0
 3.11806,  1.29163 , 1
-3.08638, -1.35009 , 0
 3.08638,  1.35009 , 1
-3.05360, -1.40781 , 0
 3.05360,  1.40781 , 1
-3.01975, -1.46477 , 0
 3.01975,  1.46477 , 1
-2.98484, -1.52094 , 0
 2.98484,  1.52094 , 1
-2.94889, -1.57630 , 0
 2.94889,  1.57630 , 1
-2.91192, -1.63084 , 0
 2.91192,  1.63084 , 1
-2.87394, -1.68454 , 0
 2.87394,  1.68454 , 1
-2.83499, -1.73737 , 0
 2.83499,  1.73737 , 1
-2.79507, -1.78933 , 0
 2.79507,  1.78933 , 1
-2.75420, -1.84039 , 0
 2.75420,  1.84039 , 1
-2.71241, -1.89054 , 0
 2.71241,  1.89054 , 1
-2.66971, -1.93975 , 0
 2.66971,  1.93975 , 1
-2.62613, -1.98802 , 0
 2.62613,  1.98802 , 1
-2.58168, -2.03533 , 0
 2.58168,  2.03533 , 1
-2.53639, -2.08166 , 0
 2.53639,  2.08166 , 1
-2.49028, -2.12700 , 0
 2.49028,  2.12700 , 1
-2.44337, -2.17133 , 0
 2.44337,  2.17133 , 1
-2.39567, -2.21464 , 0
 2.39567,  2.21464 , 1
-2.34723, -2.25692 , 0
 2.34723,  2.25692 , 1
-2.29804, -2.29815 , 0
 2.29804,  2.29815 , 1
-2.24815, -2.33832 , 0
 2.24815,  2.33832 , 1
-2.19756, -2.37742 , 0
 2.19756,  2.37742 , 1
-2.14631, -2.41544 , 0
 2.14631,  2.41544 , 1
-2.09441, -2.45236 , 0
 2.09441,  2.45236 , 1
-2.04189, -2.48818 , 0
 2.04189,  2.48818 , 1
-1.98878, -2.52288 , 0
 1.98878,  2.52288 , 1
-1.93509, -2.55646 , 0
 1.93509,  2.55646 , 1
-1.88085, -2.58890 , 0
 1.88085,  2.58890 , 1
-1.82608, -2.62020 , 0
 1.82608,  2.62020 , 1
-1.77082, -2.65035 , 0
 1.77082,  2.65035 , 1
-1.71507, -2.67935 , 0
 1.71507,  2.67935 , 1
-1.65887, -2.70717 , 0
 1.65887,  2.70717 , 1
-1.60223, -2.73383 , 0
 1.60223,  2.73383 , 1
-1.54520, -2.75931 , 0
 1.54520,  2.75931 , 1
-1.48778, -2.78360 , 0
 1.48778,  2.78360 , 1
-1.43000, -2.80671 , 0
 1.43000,  2.80671 , 1
-1.37189, -2.82862 , 0
 1.37189,  2.82862 , 1
-1.31347, -2.84933 , 0
 1.31347,  2.84933 , 1
-1.25477, -2.86884 , 0
 1.25477,  2.86884 , 1
-1.19581, -2.88715 , 0
 1.19581,  2.88715 , 1
-1.13662, -2.90425 , 0
 1.13662,  2.90425 , 1
-1.07722, -2.92015 , 0
 1.07722,  2.92015 , 1
-1.01763, -2.93483 , 0
 1.01763,  2.93483 , 1
-0.95788, -2.94830 , 0
 0.95788,  2.94830 , 1
-0.89799, -2.96056 , 0
 0.89799,  2.96056 , 1
-0.83800, -2.97160 , 0
 0.83800,  2.97160 , 1
-0.77791, -2.98143 , 0
 0.77791,  2.98143 , 1
-0.71777, -2.99006 , 0
 0.71777,  2.99006 , 1
-0.65759, -2.99747 , 0
 0.65759,  2.99747 , 1
-0.59739, -3.00367 , 0
 0.59739,  3.00367 , 1
-0.53720, -3.00867 , 0
 0.53720,  3.00867 , 1
-0.47705, -3.01246 , 0
 0.47705,  3.01246 , 1
-0.41695, -3.01506 , 0
 0.41695,  3.01506 , 1
-0.35694, -3.01645 , 0
 0.35694,  3.01645 , 1
-0.29704, -3.01666 , 0
 0.29704,  3.01666 , 1
-0.23726, -3.01568 , 0
 0.23726,  3.01568 , 1
-0.17764, -3.01352 , 0
 0.17764,  3.01352 , 1
-0.11819, -3.01018 , 0
 0.11819,  3.01018 , 1
-0.05895, -3.00567 , 0
 0.05895,  3.00567 , 1
 0.00008, -3.00000 , 0
-0.00008,  3.00000 , 1
 0.05886, -2.99317 , 0
-0.05886,  2.99317 , 1
 0.11737, -2.98519 , 0
-0.11737,  2.98519 , 1
 0.17559, -2.97607 , 0
-0.17559,  2.97607 , 1
 0.23349, -2.96582 , 0
-0.23349,  2.96582 , 1
 0.29107, -2.95445 , 0
-0.29107,  2.95445 , 1
 0.34828, -2.94196 , 0
-0.34828,  2.94196 , 1
 0.40512, -2.92836 , 0
-0.40512,  2.92836 , 1
 0.46156, -2.91367 , 0
-0.46156,  2.91367 , 1
 0.51758, -2.89789 , 0
-0.51758,  2.89789 , 1
 0.57315, -2.88104 , 0
-0.57315,  2.88104 , 1
 0.62827, -2.86313 , 0
-0.62827,  2.86313 , 1
 0.68290, -2.84416 , 0
-0.68290,  2.84416 , 1
 0.73703, -2.82416 , 0
-0.73703,  2.82416 , 1
 0.79064, -2.80313 , 0
-0.79064,  2.80313 , 1
 0.84371, -2.78109 , 0
-0.84371,  2.78109 , 1
 0.89622, -2.75804 , 0
-0.89622,  2.75804 , 1
 0.94815, -2.73401 , 0
-0.94815,  2.73401 , 1
 0.99948, -2.70900 , 0
-0.99948,  2.70900 , 1
 1.05020, -2.68304 , 0
-1.05020,  2.68304 , 1
 1.10029, -2.65612 , 0
-1.10029,  2.65612 , 1
 1.14972, -2.62828 , 0
-1.14972,  2.62828 , 1
 1.19848, -2.59953 , 0
-1.19848,  2.59953 , 1
 1.24656, -2.56987 , 0
-1.24656,  2.56987 , 1
 1.29394, -2.53933 , 0
-1.29394,  2.53933 , 1
 1.34060, -2.50793 , 0
-1.34060,  2.50793 , 1
 1.38653, -2.47567 , 0
-1.38653,  2.47567 , 1
 1.43171, -2.44258 , 0
-1.43171,  2.44258 , 1
 1.47612, -2.40867 , 0
-1.47612,  2.40867 , 1
 1.51976, -2.37396 , 0
-1.51976,  2.37396 , 1
 1.56260, -2.33847 , 0
-1.56260,  2.33847 , 1
 1.60464, -2.30221 , 0
-1.60464,  2.30221 , 1
 1.64586, -2.26520 , 0
-1.64586,  2.26520 , 1
 1.68625, -2.22747 , 0
-1.68625,  2.22747 , 1
 1.72578, -2.18902 , 0
-1.72578,  2.18902 , 1
 1.76447, -2.14989 , 0
-1.76447,  2.14989 , 1
 1.80228, -2.11008 , 0
-1.80228,  2.11008 , 1
 1.83921, -2.06961 , 0
-1.83921,  2.06961 , 1
 1.87524, -2.02851 , 0
-1.87524,  2.02851 , 1
 1.91038, -1.98680 , 0
-1.91038,  1.98680 , 1
 1.94460, -1.94449 , 0
-1.94460,  1.94449 , 1
 1.97789, -1.90160 , 0
-1.97789,  1.90160 , 1
 2.01026, -1.85816 , 0
-2.01026,  1.85816 , 1
 2.04168, -1.81418 , 0
-2.04168,  1.81418 , 1
 2.07216, -1.76969 , 0
-2.07216,  1.76969 , 1
 2.10167, -1.72470 , 0
-2.10167,  1.72470 , 1
 2.13022, -1.67923 , 0
-2.13022,  1.67923 , 1
 2.15779, -1.63331 , 0
-2.15779,  1.63331 , 1
 2.18439, -1.58696 , 0
-2.18439,  1.58696 , 1
 2.21000, -1.54019 , 0
-2.21000,  1.54019 , 1
 2.23462, -1.49303 , 0
-2.23462,  1.49303 , 1
 2.25824, -1.44550 , 0
-2.25824,  1.44550 , 1
 2.28085, -1.39762 , 0
-2.28085,  1.39762 , 1
 2.30246, -1.34941 , 0
-2.30246,  1.34941 , 1
 2.32306, -1.30089 , 0
-2.32306,  1.30089 , 1
 2.34264, -1.25208 , 0
-2.34264,  1.25208 , 1
 2.36120, -1.20301 , 0
-2.36120,  1.20301 , 1
 2.37874, -1.15369 , 0
-2.37874,  1.15369 , 1
 2.39526, -1.10415 , 0
-2.39526,  1.10415 , 1
 2.41075, -1.05440 , 0
-2.41075,  1.05440 , 1
 2.42521, -1.00447 , 0
-2.42521,  1.00447 , 1
 2.43865, -0.95439 , 0
-2.43865,  0.95439 , 1
 2.45105, -0.90416 , 0
-2.45105,  0.90416 , 1
 2.46243, -0.85382 , 0
-2.46243,  0.85382 , 1
 2.47277, -0.80337 , 0
-2.47277,  0.80337 , 1
 2.48209, -0.75285 , 0
-2.48209,  0.75285 , 1
 2.49037, -0.70228 , 0
-2.49037,  0.70228 , 1
 2.49763, -0.65167 , 0
-2.49763,  0.65167 , 1
 2.50387, -0.60105 , 0
-2.50387,  0.60105 , 1
 2.50908, -0.55043 , 0
-2.50908,  0.55043 , 1
 2.51328, -0.49985 , 0
-2.51328,  0.49985 , 1
 2.51645, -0.44931 , 0
-2.51645,  0.44931 , 1
 2.51862, -0.39883 , 0
-2.51862,  0.39883 , 1
 2.51977, -0.34845 , 0
-2.51977,  0.34845 , 1
 2.51992, -0.29818 , 0
-2.51992,  0.29818 , 1
 2.51907, -0.24803 , 0
-2.51907,  0.24803 , 1
 2.51722, -0.19804 , 0
-2.51722,  0.19804 , 1
 2.51439, -0.14821 , 0
-2.51439,  0.14821 , 1
 2.51057, -0.09857 , 0
-2.51057,  0.09857 , 1
 2.50577, -0.04913 , 0
-2.50577,  0.04913 , 1
 2.50000,  0.00007 , 0
-2.50000, -0.00007 , 1
 2.49327,  0.04903 , 0
-2.49327, -0.04903 , 1
 2.48558,  0.09773 , 0
-2.48558, -0.09773 , 1
 2.47694,  0.14615 , 0
-2.47694, -0.14615 , 1
 2.46736,  0.19426 , 0
-2.46736, -0.19426 , 1
 2.45686,  0.24205 , 0
-2.45686, -0.24205 , 1
 2.44542,  0.28951 , 0
-2.44542, -0.28951 , 1
 2.43308,  0.33661 , 0
-2.43308, -0.33661 , 1
 2.41983,  0.38334 , 0
-2.41983, -0.38334 , 1
 2.40568,  0.42967 , 0
-2.40568, -0.42967 , 1
 2.39065,  0.47560 , 0
-2.39065, -0.47560 , 1
 2.37475,  0.52111 , 0
-2.37475, -0.52111 , 1
 2.35798,  0.56618 , 0
-2.35798, -0.56618 , 1
 2.34036,  0.61078 , 0
-2.34036, -0.61078 , 1
 2.32190,  0.65492 , 0
-2.32190, -0.65492 , 1
 2.30262,  0.69857 , 0
-2.30262, -0.69857 , 1
 2.28251,  0.74171 , 0
-2.28251, -0.74171 , 1
 2.26161,  0.78433 , 0
-2.26161, -0.78433 , 1
 2.23991,  0.82642 , 0
-2.23991, -0.82642 , 1
 2.21743,  0.86796 , 0
-2.21743, -0.86796 , 1
 2.19419,  0.90894 , 0
-2.19419, -0.90894 , 1
 2.17019,  0.94934 , 0
-2.17019, -0.94934 , 1
 2.14546,  0.98915 , 0
-2.14546, -0.98915 , 1
 2.12000,  1.02835 , 0
-2.12000, -1.02835 , 1
 2.09383,  1.06694 , 0
-2.09383, -1.06694 , 1
 2.06697,  1.10490 , 0
-2.06697, -1.10490 , 1
 2.03942,  1.14221 , 0
-2.03942, -1.14221 , 1
 2.01121,  1.17888 , 0
-2.01121, -1.17888 , 1
 1.98235,  1.21487 , 0
-1.98235, -1.21487 , 1
 1.95285,  1.25019 , 0
-1.95285, -1.25019 , 1
 1.92273,  1.28482 , 0
-1.92273, -1.28482 , 1
 1.89201,  1.31874 , 0
-1.89201, -1.31874 , 1
 1.86070,  1.35196 , 0
-1.86070, -1.35196 , 1
 1.82881,  1.38446 , 0
-1.82881, -1.38446 , 1
 1.79637,  1.41623 , 0
-1.79637, -1.41623 , 1
 1.76339,  1.44726 , 0
-1.76339, -1.44726 , 1
 1.72988,  1.47755 , 0
-1.72988, -1.47755 , 1
 1.69586,  1.50708 , 0
-1.69586, -1.50708 , 1
 1.66136,  1.53584 , 0
-1.66136, -1.53584 , 1
 1.62638,  1.56383 , 0
-1.62638, -1.56383 , 1
 1.59094,  1.59104 , 0
-1.59094, -1.59104 , 1
 1.55506,  1.61746 , 0
-1.55506, -1.61746 , 1
 1.51877,  1.64309 , 0
-1.51877, -1.64309 , 1
 1.48206,  1.66792 , 0
-1.48206, -1.66792 , 1
 1.44497,  1.69195 , 0
-1.44497, -1.69195 , 1
 1.40751,  1.71516 , 0
-1.40751, -1.71516 , 1
 1.36969,  1.73756 , 0
-1.36969, -1.73756 , 1
 1.33154,  1.75913 , 0
-1.33154, -1.75913 , 1
 1.29307,  1.77988 , 0
-1.29307, -1.77988 , 1
 1.25430,  1.79980 , 0
-1.25430, -1.79980 , 1
 1.21525,  1.81888 , 0
-1.21525, -1.81888 , 1
 1.17594,  1.83712 , 0
-1.17594, -1.83712 , 1
 1.13638,  1.85453 , 0
-1.13638, -1.85453 , 1
 1.09658,  1.87109 , 0
-1.09658, -1.87109 , 1
 1.05658,  1.88681 , 0
-1.05658, -1.88681 , 1
 1.01639,  1.90168 , 0
-1.01639, -1.90168 , 1
 0.97602,  1.91570 , 0
-0.97602, -1.91570 , 1
 0.93549,  1.92887 , 0
-0.93549, -1.92887 , 1
 0.89482,  1.94118 , 0
-0.89482, -1.94118 , 1
 0.85403,  1.95265 , 0
-0.85403, -1.95265 , 1
 0.81314,  1.96327 , 0
-0.81314, -1.96327 , 1
 0.77216,  1.97304 , 0
-0.77216, -1.97304 , 1
 0.73111,  1.98195 , 0
-0.73111, -1.98195 , 1
 0.69001,  1.99002 , 0
-0.69001, -1.99002 , 1
 0.64887,  1.99724 , 0
-0.64887, -1.99724 , 1
 0.60772,  2.00361 , 0
-0.60772, -2.00361 , 1
 0.56657,  2.00914 , 0
-0.56657, -2.00914 , 1
 0.52543,  2.01383 , 0
-0.52543, -2.01383 , 1
 0.48433,  2.01768 , 0
-0.48433, -2.01768 , 1
 0.44329,  2.02070 , 0
-0.44329, -2.02070 , 1
 0.40231,  2.02288 , 0
-0.40231, -2.02288 , 1
 0.36142,  2.02424 , 0
-0.36142, -2.02424 , 1
 0.32062,  2.02477 , 0
-0.32062, -2.02477 , 1
 0.27995,  2.02449 , 0
-0.27995, -2.02449 , 1
 0.23942,  2.02338 , 0
-0.23942, -2.02338 , 1
 0.19903,  2.02148 , 0
-0.19903, -2.02148 , 1
 0.15881,  2.01876 , 0
-0.15881, -2.01876 , 1
 0.11878,  2.01525 , 0
-0.11878, -2.01525 , 1
 0.07894,  2.01095 , 0
-0.07894, -2.01095 , 1
 0.03932,  2.00586 , 0
-0.03932, -2.00586 , 1
-0.00007,  2.00000 , 0
 0.00007, -2.00000 , 1
-0.03921,  1.99336 , 0
 0.03921, -1.99336 , 1
-0.07809,  1.98597 , 0
 0.07809, -1.98597 , 1
-0.11670,  1.97781 , 0
 0.11670, -1.97781 , 1
-0.15502,  1.96891 , 0
 0.15502, -1.96891 , 1
-0.19304,  1.95926 , 0
 0.19304, -1.95926 , 1
-0.23073,  1.94889 , 0
 0.23073, -1.94889 , 1
-0.26810,  1.93779 , 0
 0.26810, -1.93779 , 1
-0.30511,  1.92598 , 0
 0.30511, -1.92598 , 1
-0.34177,  1.91347 , 0
 0.34177, -1.91347 , 1
-0.37805,  1.90026 , 0
 0.37805, -1.90026 , 1
-0.41395,  1.88637 , 0
 0.41395, -1.88637 , 1
-0.44945,  1.87180 , 0
 0.44945, -1.87180 , 1
-0.48453,  1.85656 , 0
 0.48453, -1.85656 , 1
-0.51919,  1.84068 , 0
 0.51919, -1.84068 , 1
-0.55342,  1.82415 , 0
 0.55342, -1.82415 , 1
-0.58719,  1.80699 , 0
 0.58719, -1.80699 , 1
-0.62051,  1.78921 , 0
 0.62051, -1.78921 , 1
-0.65336,  1.77081 , 0
 0.65336, -1.77081 , 1
-0.68572,  1.75182 , 0
 0.68572, -1.75182 , 1
-0.71759,  1.73225 , 0
 0.71759, -1.73225 , 1
-0.74896,  1.71210 , 0
 0.74896, -1.71210 , 1
-0.77981,  1.69139 , 0
 0.77981, -1.69139 , 1
-0.81014,  1.67013 , 0
 0.81014, -1.67013 , 1
-0.83994,  1.64833 , 0
 0.83994, -1.64833 , 1
-0.86919,  1.62601 , 0
 0.86919, -1.62601 , 1
-0.89790,  1.60318 , 0
 0.89790, -1.60318 , 1
-0.92604,  1.57985 , 0
 0.92604, -1.57985 , 1
-0.95361,  1.55604 , 0
 0.95361, -1.55604 , 1
-0.98061,  1.53175 , 0
 0.98061, -1.53175 , 1
-1.00702,  1.50700 , 0
 1.00702, -1.50700 , 1
-1.03284,  1.48181 , 0
 1.03284, -1.48181 , 1
-1.05806,  1.45619 , 0
 1.05806, -1.45619 , 1
-1.08268,  1.43016 , 0
 1.08268, -1.43016 , 1
-1.10668,  1.40372 , 0
 1.10668, -1.40372 , 1
-1.13006,  1.37689 , 0
 1.13006, -1.37689 , 1
-1.15282,  1.34968 , 0
 1.15282, -1.34968 , 1
-1.17494,  1.32211 , 0
 1.17494, -1.32211 , 1
-1.19643,  1.29420 , 0
 1.19643, -1.29420 , 1
-1.21728,  1.26596 , 0
 1.21728, -1.26596 , 1
-1.23748,  1.23739 , 0
 1.23748, -1.23739 , 1
-1.25703,  1.20853 , 0
 1.25703, -1.20853 , 1
-1.27593,  1.17937 , 0
 1.27593, -1.17937 , 1
-1.29416,  1.14994 , 0
 1.29416, -1.14994 , 1
-1.31174,  1.12025 , 0
 1.31174, -1.12025 , 1
-1.32865,  1.09032 , 0
 1.32865, -1.09032 , 1
-1.34489,  1.06015 , 0
 1.34489, -1.06015 , 1
-1.36046,  1.02977 , 0
 1.36046, -1.02977 , 1
-1.37536,  0.99919 , 0
 1.37536, -0.99919 , 1
-1.38959,  0.96842 , 0
 1.38959, -0.96842 , 1
-1.40314,  0.93748 , 0
 1.40314, -0.93748 , 1
-1.41601,  0.90638 , 0
 1.41601, -0.90638 , 1
-1.42820,  0.87513 , 0
 1.42820, -0.87513 , 1
-1.43972,  0.84376 , 0
 1.43972, -0.84376 , 1
-1.45055,  0.81228 , 0
 1.45055, -0.81228 , 1
-1.46071,  0.78070 , 0
 1.46071, -0.78070 , 1
-1.47019,  0.74903 , 0
 1.47019, -0.74903 , 1
-1.47899,  0.71729 , 0
 1.47899, -0.71729 , 1
-1.48711,  0.68550 , 0
 1.48711, -0.68550 , 1
-1.49455,  0.65367 , 0
 1.49455, -0.65367 , 1
-1.50133,  0.62181 , 0
 1.50133, -0.62181 , 1
-1.50743,  0.58993 , 0
 1.50743, -0.58993 , 1
-1.51285,  0.55806 , 0
 1.51285, -0.55806 , 1
-1.51761,  0.52620 , 0
 1.51761, -0.52620 , 1
-1.52171,  0.49437 , 0
 1.52171, -0.49437 , 1
-1.52514,  0.46259 , 0
 1.52514, -0.46259 , 1
-1.52791,  0.43086 , 0
 1.52791, -0.43086 , 1
-1.53003,  0.39920 , 0
 1.53003, -0.39920 , 1
-1.53150,  0.36762 , 0
 1.53150, -0.36762 , 1
-1.53231,  0.33614 , 0
 1.53231, -0.33614 , 1
-1.53249,  0.30477 , 0
 1.53249, -0.30477 , 1
-1.53202,  0.27353 , 0
 1.53202, -0.27353 , 1
-1.53093,  0.24242 , 0
 1.53093, -0.24242 , 1
-1.52920,  0.21146 , 0
 1.52920, -0.21146 , 1
-1.52685,  0.18066 , 0
 1.52685, -0.18066 , 1
-1.52388,  0.15003 , 0
 1.52388, -0.15003 , 1
-1.52030,  0.11959 , 0
 1.52030, -0.11959 , 1
-1.51612,  0.08935 , 0
 1.51612, -0.08935 , 1
-1.51134,  0.05933 , 0
 1.51134, -0.05933 , 1
-1.50596,  0.02952 , 0
 1.50596, -0.02952 , 1
-1.50000, -0.00006 , 0
 1.50000,  0.00006 , 1
-1.49346, -0.02938 , 0
 1.49346,  0.02938 , 1
-1.48635, -0.05845 , 0
 1.48635,  0.05845 , 1
-1.47868, -0.08726 , 0
 1.47868,  0.08726 , 1
-1.47045, -0.11578 , 0
 1.47045,  0.11578 , 1
-1.46167, -0.14402 , 0
 1.46167,  0.14402 , 1
-1.45236, -0.17195 , 0
 1.45236,  0.17195 , 1
-1.44251, -0.19958 , 0
 1.44251,  0.19958 , 1
-1.43214, -0.22688 , 0
 1.43214,  0.22688 , 1
-1.42126, -0.25386 , 0
 1.42126,  0.25386 , 1
-1.40987, -0.28049 , 0
 1.40987,  0.28049 , 1
-1.39798, -0.30678 , 0
 1.39798,  0.30678 , 1
-1.38561, -0.33271 , 0
 1.38561,  0.33271 , 1
-1.37277, -0.35827 , 0
 1.37277,  0.35827 , 1
-1.35945, -0.38346 , 0
 1.35945,  0.38346 , 1
-1.34568, -0.40826 , 0
 1.34568,  0.40826 , 1
-1.33146, -0.43267 , 0
 1.33146,  0.43267 , 1
-1.31681, -0.45668 , 0
 1.31681,  0.45668 , 1
-1.30172, -0.48029 , 0
 1.30172,  0.48029 , 1
-1.28622, -0.50347 , 0
 1.28622,  0.50347 , 1
-1.27031, -0.52624 , 0
 1.27031,  0.52624 , 1
-1.25401, -0.54857 , 0
 1.25401,  0.54857 , 1
-1.23732, -0.57047 , 0
 1.23732,  0.57047 , 1
-1.22026, -0.59193 , 0
 1.22026,  0.59193 , 1
-1.20284, -0.61293 , 0
 1.20284,  0.61293 , 1
-1.18506, -0.63348 , 0
 1.18506,  0.63348 , 1
-1.16694, -0.65358 , 0
 1.16694,  0.65358 , 1
-1.14849, -0.67320 , 0
 1.14849,  0.67320 , 1
-1.12972, -0.69235 , 0
 1.12972,  0.69235 , 1
-1.11065, -0.71103 , 0
 1.11065,  0.71103 , 1
-1.09128, -0.72923 , 0
 1.09128,  0.72923 , 1
-1.07162, -0.74694 , 0
 1.07162,  0.74694 , 1
-1.05169, -0.76416 , 0
 1.05169,  0.76416 , 1
-1.03150, -0.78089 , 0
 1.03150,  0.78089 , 1
-1.01107, -0.79712 , 0
 1.01107,  0.79712 , 1
-0.99039, -0.81285 , 0
 0.99039,  0.81285 , 1
-0.96949, -0.82808 , 0
 0.96949,  0.82808 , 1
-0.94837, -0.84281 , 0
 0.94837,  0.84281 , 1
-0.92705, -0.85702 , 0
 0.92705,  0.85702 , 1
-0.90554, -0.87073 , 0
 0.90554,  0.87073 , 1
-0.88385, -0.88392 , 0
 0.88385,  0.88392 , 1
-0.86199, -0.89659 , 0
 0.86199,  0.89659 , 1
-0.83998, -0.90876 , 0
 0.83998,  0.90876 , 1
-0.81783, -0.92040 , 0
 0.81783,  0.92040 , 1
-0.79554, -0.93153 , 0
 0.79554,  0.93153 , 1
-0.77313, -0.94214 , 0
 0.77313,  0.94214 , 1
-0.75061, -0.95223 , 0
 0.75061,  0.95223 , 1
-0.72800, -0.96180 , 0
 0.72800,  0.96180 , 1
-0.70530, -0.97085 , 0
 0.70530,  0.97085 , 1
-0.68253, -0.97938 , 0
 0.68253,  0.97938 , 1
-0.65970, -0.98740 , 0
 0.65970,  0.98740 , 1
-0.63682, -0.99489 , 0
 0.63682,  0.99489 , 1
-0.61390, -1.00188 , 0
 0.61390,  1.00188 , 1
-0.59095, -1.00834 , 0
 0.59095,  1.00834 , 1
-0.56798, -1.01430 , 0
 0.56798,  1.01430 , 1
-0.54501, -1.01974 , 0
 0.54501,  1.01974 , 1
-0.52205, -1.02468 , 0
 0.52205,  1.02468 , 1
-0.49910, -1.02911 , 0
 0.49910,  1.02911 , 1
-0.47618, -1.03303 , 0
 0.47618,  1.03303 , 1
-0.45331, -1.03646 , 0
 0.45331,  1.03646 , 1
-0.43048, -1.03938 , 0
 0.43048,  1.03938 , 1
-0.40771, -1.04181 , 0
 0.40771,  1.04181 , 1
-0.38501, -1.04375 , 0
 0.38501,  1.04375 , 1
-0.36240, -1.04521 , 0
 0.36240,  1.04521 , 1
-0.33988, -1.04618 , 0
 0.33988,  1.04618 , 1
-0.31746, -1.04667 , 0
 0.31746,  1.04667 , 1
-0.29515, -1.04668 , 0
 0.29515,  1.04668 , 1
-0.27296, -1.04623 , 0
 0.27296,  1.04623 , 1
-0.25091, -1.04531 , 0
 0.25091,  1.04531 , 1
-0.22900, -1.04393 , 0
 0.22900,  1.04393 , 1
-0.20724, -1.04209 , 0
 0.20724,  1.04209 , 1
-0.18564, -1.03981 , 0
 0.18564,  1.03981 , 1
-0.16421, -1.03708 , 0
 0.16421,  1.03708 , 1
-0.14297, -1.03391 , 0
 0.14297,  1.03391 , 1
-0.12190, -1.03031 , 0
 0.12190,  1.03031 , 1
-0.10104, -1.02629 , 0
 0.10104,  1.02629 , 1
-0.08038, -1.02184 , 0
 0.08038,  1.02184 , 1
-0.05993, -1.01699 , 0
 0.05993,  1.01699 , 1
-0.03971, -1.01172 , 0
 0.03971,  1.01172 , 1
-0.01972, -1.00606 , 0
 0.01972,  1.00606 , 1
 0.00004, -1.00000 , 0
-0.00004,  1.00000 , 1
 0.01955, -0.99356 , 0
-0.01955,  0.99356 , 1
 0.03881, -0.98674 , 0
-0.03881,  0.98674 , 1
 0.05781, -0.97955 , 0
-0.05781,  0.97955 , 1
 0.07654, -0.97199 , 0
-0.07654,  0.97199 , 1
 0.09499, -0.96408 , 0
-0.09499,  0.96408 , 1
 0.11317, -0.95582 , 0
-0.11317,  0.95582 , 1
 0.13106, -0.94723 , 0
-0.13106,  0.94723 , 1
 0.14865, -0.93830 , 0
-0.14865,  0.93830 , 1
 0.16595, -0.92905 , 0
-0.16595,  0.92905 , 1
 0.18293, -0.91948 , 0
-0.18293,  0.91948 , 1
 0.19961, -0.90961 , 0
-0.19961,  0.90961 , 1
 0.21597, -0.89943 , 0
-0.21597,  0.89943 , 1
 0.23201, -0.88897 , 0
-0.23201,  0.88897 , 1
 0.24773, -0.87823 , 0
-0.24773,  0.87823 , 1
 0.26311, -0.86722 , 0
-0.26311,  0.86722 , 1
 0.27815, -0.85594 , 0
-0.27815,  0.85594 , 1
 0.29285, -0.84441 , 0
-0.29285,  0.84441 , 1
 0.30721, -0.83263 , 0
-0.30721,  0.83263 , 1
 0.32122, -0.82062 , 0
-0.32122,  0.82062 , 1
 0.33488, -0.80838 , 0
-0.33488,  0.80838 , 1
 0.34818, -0.79592 , 0
-0.34818,  0.79592 , 1
 0.36113, -0.78326 , 0
-0.36113,  0.78326 , 1
 0.37371, -0.77039 , 0
-0.37371,  0.77039 , 1
 0.38592, -0.75734 , 0
-0.38592,  0.75734 , 1
 0.39777, -0.74410 , 0
-0.39777,  0.74410 , 1
 0.40925, -0.73070 , 0
-0.40925,  0.73070 , 1
 0.42036, -0.71713 , 0
-0.42036,  0.71713 , 1
 0.43109, -0.70341 , 0
-0.43109,  0.70341 , 1
 0.44145, -0.68955 , 0
-0.44145,  0.68955 , 1
 0.45143, -0.67555 , 0
-0.45143,  0.67555 , 1
 0.46103, -0.66143 , 0
-0.46103,  0.66143 , 1
 0.47026, -0.64719 , 0
-0.47026,  0.64719 , 1
 0.47910, -0.63285 , 0
-0.47910,  0.63285 , 1
 0.48756, -0.61842 , 0
-0.48756,  0.61842 , 1
 0.49565, -0.60389 , 0
-0.49565,  0.60389 , 1
 0.50335, -0.58929 , 0
-0.50335,  0.58929 , 1
 0.51067, -0.57463 , 0
-0.51067,  0.57463 , 1
 0.51761, -0.55990 , 0
-0.51761,  0.55990 , 1
 0.52417, -0.54512 , 0
-0.52417,  0.54512 , 1
 0.53035, -0.53031 , 0
-0.53035,  0.53031 , 1
 0.53616, -0.51546 , 0
-0.53616,  0.51546 , 1
 0.54158, -0.50059 , 0
-0.54158,  0.50059 , 1
 0.54664, -0.48571 , 0
-0.54664,  0.48571 , 1
 0.55131, -0.47083 , 0
-0.55131,  0.47083 , 1
 0.55562, -0.45595 , 0
-0.55562,  0.45595 , 1
 0.55956, -0.44108 , 0
-0.55956,  0.44108 , 1
 0.56313, -0.42624 , 0
-0.56313,  0.42624 , 1
 0.56633, -0.41143 , 0
-0.56633,  0.41143 , 1
 0.56917, -0.39665 , 0
-0.56917,  0.39665 , 1
 0.57165, -0.38193 , 0
-0.57165,  0.38193 , 1
 0.57378, -0.36726 , 0
-0.57378,  0.36726 , 1
 0.57555, -0.35266 , 0
-0.57555,  0.35266 , 1
 0.57697, -0.33813 , 0
-0.57697,  0.33813 , 1
 0.57804, -0.32369 , 0
-0.57804,  0.32369 , 1
 0.57877, -0.30933 , 0
-0.57877,  0.30933 , 1
 0.57917, -0.29507 , 0
-0.57917,  0.29507 , 1
 0.57923, -0.28091 , 0
-0.57923,  0.28091 , 1
 0.57895, -0.26687 , 0
-0.57895,  0.26687 , 1
 0.57835, -0.25295 , 0
-0.57835,  0.25295 , 1
 0.57744, -0.23915 , 0
-0.57744,  0.23915 , 1
 0.57620, -0.22549 , 0
-0.57620,  0.22549 , 1
 0.57465, -0.21197 , 0
-0.57465,  0.21197 , 1
 0.57280, -0.19860 , 0
-0.57280,  0.19860 , 1
 0.57064, -0.18539 , 0
-0.57064,  0.18539 , 1
 0.56819, -0.17233 , 0
-0.56819,  0.17233 , 1
 0.56545, -0.15945 , 0
-0.56545,  0.15945 , 1
 0.56242, -0.14674 , 0
-0.56242,  0.14674 , 1
 0.55912, -0.13421 , 0
-0.55912,  0.13421 , 1
 0.55554, -0.12186 , 0
-0.55554,  0.12186 , 1
 0.55170, -0.10971 , 0
-0.55170,  0.10971 , 1
 0.54759, -0.09776 , 0
-0.54759,  0.09776 , 1
 0.54323, -0.08602 , 0
-0.54323,  0.08602 , 1
 0.53863, -0.07448 , 0
-0.53863,  0.07448 , 1
 0.53378, -0.06315 , 0
-0.53378,  0.06315 , 1
 0.52869, -0.05205 , 0
-0.52869,  0.05205 , 1
 0.52338, -0.04117 , 0
-0.52338,  0.04117 , 1
 0.51785, -0.03052 , 0
-0.51785,  0.03052 , 1
 0.51211, -0.02010 , 0
-0.51211,  0.02010 , 1
 0.50615, -0.00992 , 0
-0.50615,  0.00992 , 1
 0.50000,  0.00002 , 0
-0.50000, -0.00002 , 1
